54572
3670
31821
29754
41116
34542
15421
46407
57335
20686
59985
65183
55780
21547
33546
8017
61880
45414
23696
50222
23205
53797
19743
30249
17806
8676
25408
48302
56363
47143
32789
54306
32297
2923
42482
45076
63719
2890
4578
45114
26101
26256
44147
25925
8242
61239
10375
33055
51568
61102
23913
64424
45849
16604
22242
7068
33204
26634
64063
24904
34253
47031
27850
55385
51807
44115
1835
36247
6794
35450
11226
26374
27489
13718
56655
26362
60440
39981
13729
5975
5221
11195
40012
65476
1846
1804
45845
19066
33994
36108
53183
9528
913
29375
34937
45533
49258
58995
25740
4537
9762
955
25627
64105
40627
13411
30948
29012
6145
55776
39332
34208
30388
61853
10596
52784
9752
1186
34503
56364
34864
3393
48337
59549
28480
35663
12694
38868
1765
32227
30522
29902
49072
43084
60376
40172
23173
27535
60553
13950
6602
40528
2570
40360
15121
30447
57812
30967
5550
40691
10232
3056
52903
30735
44009
28750
21028
4653
2077
53406
53983
11104
33014
9930
10934
11904
54828
22849
10571
43002
25152
14266
51229
14844
30823
53193
54213
9802
6718
48963
26962
64595
42694
39361
35464
37532
19109
38106
29919
58023
45559
36596
39766
41784
44328
7294
31566
5583
16321
45473
44562
44541
30968
47333
54478
19511
50516
38054
24739
17842
22097
12065
60773
28835
13205
1590
26881
48002
26778
6795
42057
20327
7270
2061
4530
64837
48870
58851
23621
23527
37758
38967
29238
60830
59867
40181
31793
18551
12376
20432
47624
16143
36174
20545
10215
39654
57912
26466
16971
3966
33563
45669
60235
41028
47725
17086
57154
64982
35842
3409
59959
8897
27695
16507
6173
14272
39578
43903
59765
3239
1230
11113
32975
2457
31641
22458
11796
46030
18975
22202
28392
53030
65029
42030
49586
57620
16447
8094
42927
49065
50448
16333
9124
51124
37679
18837
29428
62549
40113
48952
53249
2173
984
27845
45905
13387
33084
58569
20217
36182
33659
30709
16859
34198
35210
41322
45073
33150
23460
6692
53372
16086
35444
48704
28175
60287
39954
49604
867
22931
39351
23924
47560
30150
2879
49672
18264
4442
36212
18072
4885
49997
364
6381
10211
28711
13558
16736
59542
17868
59747
17101
36221
17608
20073
38848
45078
60261
40272
33463
22859
9251
11428
13997
35497
8637
31077
2256
18720
33440
38716
51962
4331
40170
51500
27267
60338
42783
44672
42522
21735
2236
10160
62014
45649
13606
33803
11473
32907
19256
34284
26359
55937
20561
43037
4098
47303
18265
52778
3537
65356
59155
8919
38449
5795
8033
34358
53889
40748
34656
12302
51819
39160
52821
26004
46435
51422
15312
39780
31651
60048
36976
36900
55368
28293
21572
51645
38326
47584
64163
2265
50551
37858
43317
21589
33710
10401
53616
64368
54906
43421
56609
39170
63725
35563
42933
44885
62099
60619
23496
51826
46426
18097
3640
20756
14085
36669
23340
55905
38587
9646
42245
17167
32140
49735
61061
3878
36822
54556
45046
20825
8108
31476
20375
13574
60421
40931
59367
63459
51121
60406
57127
9011
40010
43259
8836
58723
39560
16050
373
47983
10537
3383
4766
2215
34775
2611
59380
41626
19136
23743
54143
49453
6118
25598
36271
45007
5858
52709
10674
16191
41296
11251
43024
30386
11070
25626
25632
47857
27276
25027
4599
24864
14282
1841
37009
60581
56766
59315
17236
33653
54266
12349
18141
7444
40805
5024
48060
46574
38789
25260
42603
13801
2770
54402
58019
34057
1464
8559
16838
30584
20874
65510
50219
14800
63635
29013
40027
56095
15593
36891
15820
37488
57160
17133
36532
46410
23480
14607
41514
49817
20925
20359
24010
56646
14222
48910
38890
64116
12592
3629
37420
31807
2080
59360
64350
575
52271
26302
42017
43044
15588
46087
55113
28616
17003
45670
25105
6730
8100
51980
7472
39536
45869
27184
36536
42253
50414
43808
41425
47446
38749
40308
38166
34496
31089
14716
1756
34529
1655
60221
22536
23466
56768
50767
42737
23497
35805
17171
5111
15349
60419
29725
19839
62284
41034
8874
293
34222
13714
14303
32788
61763
53615
24422
58733
61007
49287
21578
25386
53799
8191
52155
3198
47738
4022
18438
53395
9298
8856
12758
11765
26049
2470
41928
2555
51465
2657
11799
41175
38847
42356
8840
36402
33548
48217
27974
56395
65227
32436
43860
64565
18376
53391
45963
44436
35856
46024
39281
39707
40807
28371
55961
48054
38879
48187
50378
4709
57163
44696
42644
59709
43109
14088
18918
6752
12742
22027
60047
58639
61506
2806
64987
28802
11531
37545
63177
49996
7571
38245
53250
10243
12980
35787
46063
51091
48484
3625
6232
33557
61519
32238
8209
41536
19132
47454
63184
56699
8408
25529
6928
17011
64415
64090
29970
54627
7699
4106
37298
1774
33202
56585
4434
52165
59420
638
8106
34856
16248
13687
46671
2467
2223
11839
12847
28185
58949
1864
59808
21494
7939
24862
36357
50326
3151
33113
9939
31784
61478
63278
56576
2388
3478
31711
62234
34638
36671
3440
36981
48865
30078
4524
12920
23201
36913
29766
63255
43037
16972
40819
44205
30675
15979
14522
56880
61462
36594
11839
32095
14415
33017
47567
30529
27204
37578
4197
24622
8815
27656
58734
33905
51086
29241
17073
26297
26696
32650
26270
65364
5267
3668
62868
43975
23440
14754
17685
34550
5660
56574
31882
1046
42681
62200
46184
58164
8380
54821
50186
33401
26448
62004
38735
54476
55544
44542
22706
57943
55853
17202
35267
15021
57734
59265
64642
37040
9754
9651
6916
20085
56691
50543
49487
6444
62939
54932
16057
23328
21574
50098
41430
12785
65246
3548
58036
55899
63087
3546
40196
32298
17906
52004
1303
22017
30869
23297
26970
25748
61375
61737
40168
50337
48278
45676
61592
1133
44784
49289
9542
22832
18251
57245
58887
26775
28230
30977
41421
59192
4701
51130
62464
38362
43255
18351
32994
3614
41413
25977
12195
63110
32
12316
55024
22365
58564
60405
48074
62189
42
52521
3036
21710
53860
29724
50868
15216
46427
40470
14876
38231
57819
41880
22510
26138
41740
4925
11604
63391
30551
61289
46702
1786
60709
46395
9310
31638
7696
30601
35076
22472
2020
37032
14606
13561
61610
64599
13681
55420
3603
34695
38449
27170
57660
6566
27869
4061
61989
18715
29321
15297
43668
50845
18042
47164
6891
30676
7622
27483
5239
5332
50049
